# id	file_path	transparent_color_r	g	b
[TEXTURES]
35	textures\Simon.png	116	116	116
38	textures\SimonR.png	3	25	110
20	textures\brick.png	176	224	248
10	textures\enemies.png	3	26	110
3	textures\fire.png	255	255	255
36	textures\scene2B.png	255	255	255
34	textures\BrickLeft.png	255	255	255
33	textures\Space.png	255	255	255
37	textures\heart.png	255	255	255
39	textures\money.png	255	255	255
40	textures\SimonAttack.png	255	255	255
41	textures\SimonAttackR.png	255	255	255


# id	left	top	right	bottom	texture_id
[SPRITES]
#BackGround ======
70001	0	0	42	48	36
70002	42	0	84	48	36
70003	84	0	126	48	36
70004	126	0	168	48	36
70005	168	0	210	48	36
70006	210	0	252	48	36
70007	252	0	294	48	36
70008	294	0	336	48	36
70009	336	0	378	48	36
70010	378	0	420	48	36
70011	420	0	462	48	36
70012	462	0	504	48	36
70013	504	0	546	48	36
#hang 2
70014	0	48	42	96	36
70015	42	48	84	96	36
70016	84	48	126	96	36
70017	126	48	168	96	36
70018	168	48	210	96	36
70019	210	48	252	96	36
70020	252	48	294	96	36
70021	294	48	336	96	36
70022	336	48	378	96	36
70023	378	48	420	96	36
70024	420	48	462	96	36
70025	462	48	504	96	36
70026	504	48	546	96	36
#hang 3
70027	0	96	42	144	36
70028	42	96	84	144	36
70029	84	96	126	144	36
70030	126	96	168	144	36
70031	168	96	210	144	36
70032	210	96	252	144	36
70033	252	96	294	144	36
70034	294	96	336	144	36
70035	336	96	378	144	36
70036	378	96	420	144	36
70037	420	96	462	144	36
70038	462	96	504	144	36
70039	504	96	546	144	36
#hang4
70040	0	144	42	192	36
70041	42	144	84	192	36
70042	84	144	126	192	36
70043	126	144	168	192	36
70044	168	144	210	192	36
70045	210	144	252	192	36
70046	252	144	294	192	36
70047	294	144	336	192	36
70048	336	144	378	192	36
70049	378	144	420	192	36
70050	420	144	462	192	36
70051	462	144	504	192	36
70052	504	144	546	192	36

# BIG MARIO 
# idle right
#10001	1	21	17	52	35
10001	1581	21	1597	52	35
# walk
10002	1553	21	1569	52	35
10003	1540	21	1552	52	35
10004	1520	21	1535	52	35

# idle left
10011	1	1	17	31	35
#walk left
10012	54	1	67	31	35
10013	37	1	52	31	35
10014	19	1	35	31	35

# die 
10099	13	23	29	48	35

#Simon Attack	
#10014	70	1	87	29	40
#10015	89	1	134	28	40
#10016	36	1	68	31	40
#10017	1	1	34	31	40

10014	1	1	17	30	41
10015	19	1	51	32	41
#10016	53	1	86	30	41
10016	88	1	150	29	41
10017	88	1	150	29	41
#BRICK
20001	1	1	18	18	20
#GOOMBA
30001	5	14	21	29	10
30002	25	14	41	29	10
#die
30003	45	21	61	29	10

#brick with question mark animation
40001	300	117	316	133	20
40002	318	117	334	133	20
40003	336	117	352	133	20
40004	355	117	370	133	20
#Fire=====
50001	1	1	17	31	3
50002	19	1	35	31	3
50003	15	1	23	9	37
50004	1	1	13	11	37

#money
50005	1	1	16	16	39
50006	18	1	32	16	39



# ani_id	sprite1_id	time1	sprite2_id	time2	...
[ANIMATIONS]
#====backgroud=====
801	70001	100
802	70002	100
803	70003	100
804	70004	100
805	70005	100
806	70006	100
807	70007	100
808	70008	100
809	70009	100
810	70010	100
811	70011	100
812	70012	100
813	70013	100
#hang 2
814	70014	100
815	70015	100
816	70016	100
817	70017	100
818	70018	100
819	70019	100
820	70020	100
821	70021	100
822	70022	100
823	70023	100
824	70024	100
825	70025	100
826	70026	100
#hang 3
827	70027	100
828	70028	100
829	70029	100
830	70030	100
831	70031	100
832	70032	100
833	70033	100
834	70034	100
835	70035	100
836	70036	100
837	70037	100
838	70038	100
839	70039	100
#hang 4
840	70040	100
841	70041	100
842	70042	100
843	70043	100
844	70044	100
845	70045	100
846	70046	100
847	70047	100
848	70048	100
849	70049	100
850	70050	100
851	70051	100
852	70052	100

# ====FireColumn =====
#900	60001	100
# ==== MARIO =========
#idle BIG right
400	10001	100
#idle BIG left
401	10011	100

#roi
404	10014	100	10015	100	10016	100	10017	100
#walk right big
500	10001	100	10002	100	10003	100	10004	100
#walk left big
501	10011	100	10012	100	10013	100	10014	100
#die
599	10099	100

# ==== BRICK =========
601	20001	100



# ==== GOOMBA  =========
# walk
701	30001	100	30002	100
# die
702	30003	100
#Fire===
901	50001	100	50002	100
#Fire die
902	50003	100	50004	100
#money 
903	50005	100	50006	100

#
# id	ani1	ani2	ani3
#
[ANIMATION_SETS]
#backgroung
71	801
72	802
73	803
74	804
75	805
76	806
77	807
78	808
79	809
80	810
81	811
82	812
83	813
#hang 2
84	814
85	815
86	816
87	817
88	818
89	819
90	820
91	821
92	822
93	823
94	824
95	825
96	826
#hang 3
97	827
98	828
99	829
100	830
101	831
102	832
103	833
104	834
105	835
106	836
107	837
108	838
109	839
110	840
111	841
112	842
113	843
114	844
115	845
116	846
#hang 4
117	847
118	848
119	849
120	850
121	851
122	852
123	853
124	854
125	855
126	856
127	857
128	858
129	859
130	860
131	861
132	862



# MARIO
1	400	401	402	403	500	501	502	503	599	404
# BRICK 
2	601

# GOOMBA
3	701	702
#FireCol ====
6	901	902	903
[OBJECTS]
# type	x	y	ani_set_id	extra_settings per object type
# type: 0 = Mario , 1 = Brick, 2 = Goomba

#background
7	-110	0	71
7	-68	0	72
7	-26	0	73
7	16	0	74
7	58	0	75
7	100	0	76
7	142	0	77
7	184	0	78
7	226	0	79
7	268	0	80
7	310	0	81
7	352	0	82
7	494	0	83
#hang2
7	-110	48	84
7	-68	48	85
7	-26	48	86
7	16	48	87
7	58	48	88
7	100	48	89
7	142	48	90
7	184	48	91
7	226	48	92
7	268	48	93
7	310	48	94
7	352	48	95
7	494	48	96
#hang3
7	-110	96	97
7	-68	96	98
7	-26	96	99
7	16	96	100
7	58	96	101
7	100	96	102
7	142	96	103
7	184	96	104
7	226	96	105
7	268	96	106
7	310	96	107
7	352	96	108
7	494	96	109
#hang4
7	-110	144	110
7	-68	144	111
7	-26	144	112
7	16	144	113
7	58	144	114
7	100	144	115
7	142	144	116
7	184	144	117
7	226	144	118
7	268	144	119
7	310	144	120
7	352	144	121
7	494	144	122

# MARIO
0	16	80	1

# GOOMBA
2	200	135	3
2	260	135	3
2	320	135	3
2	480	135	3
2	500	135	3

# BRICK 
# --- platform (hint: I created the list using Excel!) ----
1	-112	150	2
1	-96	150	2
1	-80	150	2
1	-64	150	2
1	-48	150	2
1	-32	150	2
1	-16	150	2
1	0	150	2
1	16	150	2
1	32	150	2
1	48	150	2
1	64	150	2
1	80	150	2
1	96	150	2
1	112	150	2
1	128	150	2
1	144	150	2
1	160	150	2
1	176	150	2
1	192	150	2
1	208	150	2
1	224	150	2
1	240	150	2
1	256	150	2
1	272	150	2
1	288	150	2
1	304	150	2
1	320	150	2
1	336	150	2
1	352	150	2
1	368	150	2
1	384	150	2
1	400	150	2
1	416	150	2
1	432	150	2
1	448	150	2
1	464	150	2
1	480	150	2
1	496	150	2
1	512	150	2
1	528	150	2
1	544	150	2
1	560	150	2
1	576	150	2
1	592	150	2
1	608	150	2
1	624	150	2
1	640	150	2


# ---- brick group 1 ----
#1	100	74	2
#1	100	90	22
#1	84	90	22

# ---- brick group 2 ----
#1	160	74	2
#1	160	90	22
#1	144	90	22

# ---- brick group 3 ----
#1	220	74	2
#1	220	90	22
#1	204	90	22
#FireCol 
5	16	120	6
5	208	120	6
5	512	120	6
# --- SCENE PORTAL ----
# type	l	t	ani_set_id	r	b	scene_id
50	600	98	0	616	150	2

