# id	file_path	transparent_color_r	g	b
[TEXTURES]
35	textures\Simon.png	255	255	255
0	textures\SimonR.png	255	255	255
20	textures\misc.png	176	224	248
#50	textures\enemies.png	3	26	110
30	textures\enemies-2.png	0	128	128
36	textures\scene2A.png	255	255	255
34	textures\BrickLeft.png	255	255	255


# id	left	top	right	bottom	texture_id
[SPRITES]
#BackGround ======
70001	1	1	43	49	36
70002	45	1	87	49	36
70003	89	1	131	49	36
70004	133	1	175	49	36
70005	177	1	219	49	36
70006	1	101	43	149	36

#70001	1	1	22	25	36
#70002	24	1	45	25	36
#70003	47	1	68	25	36
#70004	70	1	91	25	36
#70005	93	1	114	25	36
#70006	231	1	252	25	36

#hang 2
#70018	116	1	137	25	36
#70019	139	1	160	25	36
#70020	162	1	183	25	36
#70021	185	1	206	25	36
#70022	208	1	229	25	36
#70023	231	1	252	25	36

70018	1	51	43	99	36
70019	45	51	87	99	36
70020	89	51	131	99	36
70021	133	51	175	99	36
70022	177	51	219	99	36
70023	1	101	43	149	36

#hang 3
#70035	1	27	22	51	36
#70036	24	27	45	51	36
#70037	47	27	68	51	36
#70038	70	27	91	51	36
#70039	93	27	114	51	36
#70040	116	27	137	51	36

70035	45	101	87	149	36
70036	89	101	131	149	36
70037	133	101	175	149	36
70038	177	101	219	149	36
70039	1	151	43	199	36
70040	45	151	87	199	36


#hang 4
#70052	139	27	160	51	36
#70053	162	27	183	51	36
#70054	185	27	206	51	36
#70055	208	27	229	51	36
#70056	231	27	252	51	36
#70057	1	53	22	77	36

70052	89	151	131	199	36
70053	133	151	175	199	36
70054	177	151	219	199	36
70055	1	201	43	249	36
70056	45	201	87	249	36
70057	89	201	131	249	36


# BIG MARIO 
# idle right
10001	13	23	29	48	35
# walk
10002	0	0	15	23	35		
10003	15	0	30	23	35
# idle left
10011	1	1	17	26	34
#walk left
10012	1	55	16	78	34
10013	1	80	17	103	34
	
# die 
10099	13	23	29	48	35
# SMALL MARIO
# idle small right
10021	13	23	29	48	35
# walk
10022	13	23	29	48	35
10023	13	23	29	48	35
# idle small left
#10031	13	23	29	48	35
# walk
10032	13	23	29	48	35
10033	13	23	29	48	35
#roi	
10014	82	1	104	27	38
10015	49	1	80	30	38
#BRICK
20001	408	225	424	241	20
#GOOMBA
#30001	5	14	21	29	10
#30002	25	14	41	29	10
#die
#30003	45	21	61	29	10

#brick with question mark animation
#40001	300	117	316	133	20
#40002	318	117	334	133	20
#40003	336	117	352	133	20
#40004	355	117	370	133	20

#KOOPAS
#walk left
#50001	205	191	221	217	30
#50002	222	191	238	217	30
#walk right
#50011	187	191	202	217	30
#50012	170	191	185	217	30
#die
#50031	152	202	168	217	20


# ani_id	sprite1_id	time1	sprite2_id	time2	...
[ANIMATIONS]
#====backgroud=====
801	70001	100
802	70002	100
803	70003	100
804	70004	100
805	70005	100
806	70006	100

#hang 2
818	70018	100
819	70019	100
820	70020	100
821	70021	100
822	70022	100
823	70023	100

#hang 3
835	70035	100
836	70036	100
837	70037	100
838	70038	100
839	70039	100
840	70040	100

#hang 4

852	70052	100
853	70053	100
854	70054	100
855	70055	100
856	70056	100
857	70057	100

# ==== MARIO =========
#idle BIG right
400	10001	100
#idle BIG left
401	10011	100
#idle small right
402	10021	100
#idle small left
403	10031	100
#walk right big
500	10001	100	10002	100	10003	100
#walk left big
501	10011	100	10012	100	10013	100
#walk right small
502	10021	100	10022	100	10023	100
#walk left small
503	10031	100	10032	100	10033	100
#die
599	10099	100


# ==== BRICK =========
601	20001	100

# ==== QUESTION MARK BRICK =========
#602	40001	1000	40001	100	40002	100	40003	100	40004	100


# ==== GOOMBA  =========
# walk
#701	30001	100	30002	100
# die
#702	30003	100

# ==== KOOPAS  =========
#walk left
#801	50001	100	50002	100
#walk right
#802	50011	100	50012	100'
#die
#803	50031	100

#
# id	ani1	ani2	ani3
#
[ANIMATION_SETS]
#backgroung
71	801
72	802
73	803
74	804
75	805
76	806

#hang 2
88	818
89	819
90	820
91	821
92	822
93	823

#hang 3
105	835
106	836
107	837
108	838
109	839
110	840

#hang 4
122	852
123	853
124	854
125	855
126	856
127	857

# MARIO
1	400	401	402	403	500	501	502	503	599
# BRICK 
2	601
# QUESTION MARK BRICK 
22	602
# GOOMBA
#3	701	702
#KOOPAS
#4	801	802	803

[OBJECTS]
# type	x	y	ani_set_id	extra_settings per object type
# type: 0 = Mario , 1 = Brick, 2 = Goomba, 3 = Koopas

#background
#7	-110	20	71
#7	-89	20	72
#7	-68	20	73
#7	-47	20	74
#7	-26	20	75
#7	-5	20	76

7	-110	20	71
7	-68	20	72
7	-26	20	73
7	16	20	74
7	58	20	75
7	100	20	76
#hang2
#7	-110	44	88
#7	-68	44	89
#7	-26	44	90
#7	16	44	91
#7	58	44	92
#7	-5	44	93

7	-110	68	88
7	-68	68	89
7	-26	68	90
7	16	68	91
7	58	68	92
7	100	68	93
#hang3
#7	-110	68	105
#7	-89	68	106
#7	-68	68	107
#7	-47	68	108
#7	-26	68	109
#7	-5	68	110


7	-110	116	105
7	-68	116	106
7	-26	116	107
7	16	116	108
7	58	116	109
7	100	116	110
#hang4
#7	-110	92	122
#7	-89	92	123
#7	-68	92	124
#7	-47	92	125
#7	-26	92	126
#7	-5	92	127

7	-110	164	122
7	-68	164	123
7	-26	164	124
7	16	164	125
7	58	164	126
7	100	164	127

# MARIO
0	-110	170	1

# KOOPAS
#3	20	124	4

# BRICK 
# --- platform (hint: I created the list using Excel!) ----
1	-110	100	2
1	-94	100	2
1	-78	100	2
1	-62	100	2
1	-46	100	2
1	-30	100	2
1	-14	100	2
1	2	100	2
1	18	100	2
1	34	100	2



1	-110	198	2
1	-94	198	2
1	-78	198	2
1	-62	198	2
1	-46	198	2
1	-30	198	2
1	-14	198	2
1	2	198	2
1	18	198	2
1	34	198	2
1	50	198	2
1	66	198	2
1	82	198	2
1	98	198	2
1	114	198	2
1	130	198	2


1	66	132	2
1	82	132	2
1	98	132	2
1	114	132	2



1	114	20	2
1	114	36	2
1	114	52	2
1	114	68	2
1	114	84	2
1	114	100	2
1	114	116	2
1	114	132	2
1	114	148	2
1	114	164	2
1	114	180	2


#
#1	150	134	22


# --- SCENE PORTAL ----
# type	l	t	ani_set_id	r	b	scene_id
50	300	98	0	380	150	1

