sprite1,0,0,42,48
sprite2,42,0,42,48
sprite3,84,0,42,48
sprite4,126,0,42,48
sprite5,168,0,42,48
sprite6,210,0,42,48
sprite7,252,0,42,48
sprite8,294,0,42,48
sprite9,336,0,42,48
sprite10,378,0,42,48
sprite11,420,0,42,48
sprite12,462,0,42,48
sprite13,504,0,42,48
sprite14,546,0,42,48
sprite15,588,0,42,48
sprite16,630,0,42,48
sprite17,672,0,42,48
sprite18,714,0,42,48
sprite19,756,0,42,48
sprite20,0,48,42,48
sprite21,42,48,42,48
sprite22,84,48,42,48
sprite23,126,48,42,48
sprite24,168,48,42,48
sprite25,210,48,42,48
sprite26,252,48,42,48
sprite27,294,48,42,48
sprite28,336,48,42,48
sprite29,378,48,42,48
sprite30,420,48,42,48
sprite31,462,48,42,48
sprite32,504,48,42,48
sprite33,546,48,42,48
sprite34,588,48,42,48
sprite35,630,48,42,48
sprite36,672,48,42,48
sprite37,714,48,42,48
sprite38,756,48,42,48
sprite39,0,96,42,48
sprite40,42,96,42,48
sprite41,84,96,42,48
sprite42,126,96,42,48
sprite43,168,96,42,48
sprite44,210,96,42,48
sprite45,252,96,42,48
sprite46,294,96,42,48
sprite47,336,96,42,48
sprite48,378,96,42,48
sprite49,420,96,42,48
sprite50,462,96,42,48
sprite51,504,96,42,48
sprite52,546,96,42,48
sprite53,588,96,42,48
sprite54,630,96,42,48
sprite55,672,96,42,48
sprite56,714,96,42,48
sprite57,756,96,42,48
sprite58,0,144,42,48
sprite59,42,144,42,48
sprite60,84,144,42,48
sprite61,126,144,42,48
sprite62,168,144,42,48
sprite63,210,144,42,48
sprite64,252,144,42,48
sprite65,294,144,42,48
sprite66,336,144,42,48
sprite67,378,144,42,48
sprite68,420,144,42,48
sprite69,462,144,42,48
sprite70,504,144,42,48
sprite71,546,144,42,48
sprite72,588,144,42,48
sprite73,630,144,42,48
sprite74,672,144,42,48
sprite75,714,144,42,48
sprite76,756,144,42,48