sprite1,0,0,42,48
sprite2,42,0,42,48
sprite3,84,0,42,48
sprite4,126,0,42,48
sprite5,168,0,42,48
sprite6,210,0,42,48
sprite7,252,0,42,48
sprite8,294,0,42,48
sprite9,336,0,42,48
sprite10,378,0,42,48
sprite11,420,0,42,48
sprite12,462,0,42,48
sprite13,504,0,42,48
sprite14,0,48,42,48
sprite15,42,48,42,48
sprite16,84,48,42,48
sprite17,126,48,42,48
sprite18,168,48,42,48
sprite19,210,48,42,48
sprite20,252,48,42,48
sprite21,294,48,42,48
sprite22,336,48,42,48
sprite23,378,48,42,48
sprite24,420,48,42,48
sprite25,462,48,42,48
sprite26,504,48,42,48
sprite27,0,96,42,48
sprite28,42,96,42,48
sprite29,84,96,42,48
sprite30,126,96,42,48
sprite31,168,96,42,48
sprite32,210,96,42,48
sprite33,252,96,42,48
sprite34,294,96,42,48
sprite35,336,96,42,48
sprite36,378,96,42,48
sprite37,420,96,42,48
sprite38,462,96,42,48
sprite39,504,96,42,48
sprite40,0,144,42,48
sprite41,42,144,42,48
sprite42,84,144,42,48
sprite43,126,144,42,48
sprite44,168,144,42,48
sprite45,210,144,42,48
sprite46,252,144,42,48
sprite47,294,144,42,48
sprite48,336,144,42,48
sprite49,378,144,42,48
sprite50,420,144,42,48
sprite51,462,144,42,48
sprite52,504,144,42,48